36
47
86
92
1
86
65
27
6
26
92
42
13
19
18
5
30
52
94
15
50
8
4
41
85
89
58
80
62
77
69
24
90
87
62
50
88
58
60
16
76
89
24
52
99
17
72
12
99
39
2
58
45
77
0
37
35
18
58
58
17
75
84
48
59
22
94
99
28
37
58
48
63
11
96
4
7
35
54
38
47
30
35
55
7
28
42
85
81
50
84
52
96
88
38
37
9
26
90
33
46
65
41
54
20
72
53
77
26
16
49
48
81
17
98
78
57
42
11
30
6
40
21
33
82
60
12
65
24
84
77
31
64
17
68
15
50
31
15
19
98
97
98
74
29
87
83
44
13
6
46
44
3
63
65
37
29
20
65
42
36
64
72
61
4
26
20
27
87
82
34
90
48
44
20
51
84
14
29
3
88
44
11
2
27
83
60
12
32
3
1
41
95
70
43
27
12
3
80
9
24
48
58
70
44
45
56
93
98
84
2
5
47
45
18
86
15
79
97
27
23
14
89
17
0
82
98
85
73
53
4
18
27
20
22
0
51
50
37
93
10
95
52
69
84
17
44
65
82
9
69
8
97
20
4
59
77
20
33
47
48
95
0
10
80
92
55
62
11
38
23
14
36
61
88
91
77
26
16
34
41
87
20
5
16
53
98
51
78
48
39
78
55
73
24
48
74
50
57
54
38
2
22
38
22
99
2
63
8
82
34
15
99
51
62
85
75
90
27
4
68
5
29
13
32
64
85
17
22
43
88
39
22
24
14
81
69
29
81
69
7
53
63
65
69
91
95
8
22
30
40
59
22
21
67
16
74
43
74
29
19
63
43
57
52
72
60
53
36
99
78
98
64
50
61
59
15
68
34
22
77
58
8
60
33
15
21
75
64
91
8
79
90
35
79
16
1
28
31
20
72
77
34
29
61
29
26
22
60
46
48
39
96
57
51
30
69
22
22
18
28
91
82
64
6
60
64
65
23
59
8
91
24
3
98
37
25
47
90
78
85
61
37
44
51
68
86
90
29
59
87
33
32
91
44
27
64
49
54
22
20
82
2
85
10
37
97
84
55
27
11
58
73
5
41
71
98
13
56
20
78
18
52
1
54
96
94
77
75
41
81
29
15
3
48
31
38
90
1
97
17
37
23
79
12
1
31
14
9
3
61
59
99
39
29
76
89
73
24
86
16
56
56
13
99
98
29
45
77
64
8
13
6
78
2
69
91
35
80
16
41
35
5
64
88
70
58
0
49
47
99
94
35
49
60
62
34
94
2
86
18
77
44
50
34
86
50
23
42
82
68
81
72
91
97
35
79
11
34
80
25
37
90
28
79
30
29
76
31
71
61
55
70
31
5
90
32
79
85
50
84
41
11
17
27
75
60
63
29
82
50
92
11
64
30
85
28
5
23
15
69
46
81
11
5
40
61
47
38
96
74
10
62
65
33
53
66
70
50
45
17
83
38
65
22
22
73
60
31
64
9
32
14
82
7
20
38
29
42
39
31
54
25
22
99
3
5
39
65
80
51
13
36
29
34
97
38
30
45
78
24
9
73
9
17
35
37
92
69
2
49
53
55
55
43
83
72
13
88
69
5
18
48
90
1
18
5
22
95
9
78
11
38
9
29
56
50
66
77
91
39
35
78
54
58
79
55
53
57
24
78
82
52
23
40
5
98
36
85
27
89
25
82
27
77
12
26
92
44
2
98
30
48
80
97
92
0
92
45
87
60
0
55
94
55
87
92
86
51
41
72
96
28
58
83
37
10
70
43
61
97
48
41
97
11
45
13
12
81
25
73
54
16
45
3
1
87
51
6
52
45
75
46
1
60
91
4
50
25
35
30
99
92
63
73
4
5
94
96
99
89
47
68
42
99
75
21
19
86
71
8
52
31
19
45
94
93
32
49
25
77
63
1
83
89
32
30
78
9
10
52
24
28
60
61
90
29
21
50
93
94
93
73
93
22
73
99
83
27
42
67
19
27
21
1
75
64
90
24
24
32
43
93
47
2
56
72
79
39
57
98
85
69
3
34
17
58
57
82
37
50
4
1
36
62
39
94
49
29
61
20
78
97
99
69
36
27
17
62
88
9
53
81
41
17
89
82
57
6
27
76
19
82
50
3
27
99
27
19
16
4
90
49
75
97
39
78
27
11
50
70
99
90
59
14
96
4
10
89
48
90
35
49
81
47
69
54
85
33
15
61
88
69
88
67
64
11
60
49
37
19
60
20
30
90
97
10
26
0
14
83
88
96
97
47
95
66
85
13
2
61
